brisk:4735.424041748047ms
akaze:1168.8363552093506ms
sift:1298.5658645629883ms
orb:744.2188262939453ms
orb:255.0828456878662ms
orb:270.33114433288574ms
orb:253.64160537719727ms
orb:239.94183540344238ms
orb:249.94778633117676ms
orb:381.6947937011719ms
orb:291.1403179168701ms
orb:285.9828472137451ms
